% --- Code in SERPENT2 Format, LHPR Design ---

set title "INL-A Exact"

pin 8
clad

pin 9
clad

% --- Lattice (type = 2, pin pitch = 1.8 cm):

lat 10  2  0.0 0.0 51 51 4.022
7 7 7 7 7 7 7 7 7 7 7 7 7 7 7 7 7 7 7 7 7 7 7 7 7 7 7 7 7 7 7 7 7 7 7 7 7 7 7 7 7 7 7 7 7 7 7 7 7 7 7
 7 7 7 7 7 7 7 7 7 7 7 7 7 7 7 7 7 7 7 7 7 7 7 7 7 7 7 7 7 7 7 7 7 7 7 7 7 8 7 7 7 7 7 7 7 7 7 7 7 7 7
  7 7 7 7 7 7 7 7 7 7 7 7 7 7 7 7 7 7 7 7 7 7 7 7 7 7 7 7 7 7 7 7 7 7 7 8 8 8 8 7 7 7 7 7 7 7 7 7 7 7 7
   7 7 7 7 7 7 7 7 7 7 7 7 7 7 7 7 7 7 7 7 7 7 7 7 7 7 7 7 7 7 7 7 7 8 8 8 8 8 8 8 7 7 7 7 7 7 7 7 7 7 7
    7 7 7 7 7 7 7 7 7 7 7 7 7 7 7 7 7 7 7 7 7 7 7 7 7 7 7 7 7 7 7 8 8 8 8 7 7 8 8 8 8 7 7 7 7 7 7 7 7 7 7
     7 7 7 7 7 7 7 7 7 7 7 7 7 7 7 7 7 7 7 7 7 7 7 7 7 7 7 7 7 8 8 8 8 7 7 7 7 7 8 8 8 8 7 7 7 7 7 7 7 7 7
      7 7 7 7 7 7 7 7 7 7 7 7 7 7 7 7 7 7 7 7 7 7 7 7 7 7 7 8 8 8 8 7 7 7 7 7 7 7 7 8 8 8 8 7 7 7 7 7 7 7 7
       7 7 7 7 7 7 7 7 7 7 7 7 7 7 7 7 7 7 7 7 7 7 7 7 7 8 8 8 8 7 7 7 7 7 7 7 7 7 7 7 8 8 8 8 7 7 7 7 7 7 7
        7 7 7 7 7 7 7 7 7 7 7 7 7 7 7 7 7 7 7 7 7 7 7 8 8 8 8 7 7 7 7 7 7 7 7 7 7 7 7 7 7 8 8 8 8 7 7 7 7 7 7
         7 7 7 7 7 7 7 7 7 7 7 7 7 7 7 7 7 7 7 7 7 8 8 8 8 7 7 7 7 7 7 7 7 7 7 7 7 7 7 7 7 7 8 8 8 8 7 7 7 7 7
          7 7 7 7 7 7 7 7 7 7 7 7 7 7 7 7 7 7 7 8 8 8 8 7 7 7 7 7 7 7 7 7 7 7 7 7 7 7 7 7 7 7 7 8 8 8 8 7 7 7 7
           7 7 7 7 7 7 7 7 7 7 7 7 7 7 7 7 7 8 8 8 8 7 7 7 7 7 7 7 7 7 7 7 7 7 7 7 7 7 7 7 7 7 7 7 8 8 8 8 7 7 7
            7 7 7 7 7 7 7 7 7 7 7 7 7 7 7 8 8 8 8 7 7 7 7 7 7 7 7 7 7 7 7 7 7 7 7 7 7 7 7 7 7 7 7 7 7 8 8 8 8 7 7
             7 7 7 7 7 7 7 7 7 7 7 7 7 8 8 8 8 7 7 7 7 7 7 7 7 7 7 7 7 7 7 7 7 7 7 7 7 7 7 7 7 7 7 7 7 7 8 8 8 8 7
              7 7 7 7 7 7 7 7 7 7 7 7 8 8 8 7 7 7 7 7 7 7 7 7 7 7 7 7 7 7 7 7 7 7 7 7 7 7 7 7 7 7 7 7 7 7 7 8 8 8 7
               7 7 7 7 7 7 7 7 7 7 7 7 8 8 7 7 7 7 7 7 7 7 7 7 7 7 7 7 7 7 7 7 7 7 7 7 7 7 7 7 7 7 7 7 7 7 7 8 8 7 7
                7 7 7 7 7 7 7 7 7 7 7 8 8 8 7 7 7 7 7 7 7 7 7 7 7 7 7 7 7 7 7 7 7 7 7 7 7 7 7 7 7 7 7 7 7 7 8 8 8 7 7
                 7 7 7 7 7 7 7 7 7 7 7 8 8 7 7 7 7 7 7 7 7 7 7 7 7 7 7 7 7 7 7 7 7 7 7 7 7 7 7 7 7 7 7 7 7 7 8 8 7 7 7
                  7 7 7 7 7 7 7 7 7 7 8 8 8 7 7 7 7 7 7 7 7 7 7 7 7 7 7 7 7 7 7 7 7 7 7 7 7 7 7 7 7 7 7 7 7 8 8 8 7 7 7
                   7 7 7 7 7 7 7 7 7 7 8 8 7 7 7 7 7 7 7 7 7 7 7 7 7 7 7 7 7 7 7 7 7 7 7 7 7 7 7 7 7 7 7 7 7 8 8 7 7 7 7
                    7 7 7 7 7 7 7 7 7 8 8 8 7 7 7 7 7 7 7 7 7 7 7 7 7 7 7 7 7 7 7 7 7 7 7 7 7 7 7 7 7 7 7 7 8 8 8 7 7 7 7
                     7 7 7 7 7 7 7 7 7 8 8 7 7 7 7 7 7 7 7 7 7 7 7 7 7 7 7 7 7 7 7 7 7 7 7 7 7 7 7 7 7 7 7 7 8 8 7 7 7 7 7
                      7 7 7 7 7 7 7 7 8 8 8 7 7 7 7 7 7 7 7 7 7 7 7 7 7 9 9 9 9 7 7 7 7 7 7 7 7 7 7 7 7 7 7 8 8 8 7 7 7 7 7
                       7 7 7 7 7 7 7 7 8 8 7 7 7 7 7 7 7 7 7 7 7 7 7 7 9 9 9 9 9 7 7 7 7 7 7 7 7 7 7 7 7 7 7 8 8 7 7 7 7 7 7
                        7 7 7 7 7 7 7 8 8 8 7 7 7 7 7 7 7 7 7 7 7 7 7 9 9 9 9 9 9 7 7 7 7 7 7 7 7 7 7 7 7 7 8 8 8 7 7 7 7 7 7
                         7 7 7 7 7 7 7 8 8 7 7 7 7 7 7 7 7 7 7 7 7 7 9 9 9 9 9 9 9 7 7 7 7 7 7 7 7 7 7 7 7 7 8 8 7 7 7 7 7 7 7
                          7 7 7 7 7 7 8 8 8 7 7 7 7 7 7 7 7 7 7 7 7 7 9 9 9 9 9 9 7 7 7 7 7 7 7 7 7 7 7 7 7 8 8 8 7 7 7 7 7 7 7
                           7 7 7 7 7 7 8 8 7 7 7 7 7 7 7 7 7 7 7 7 7 7 9 9 9 9 9 7 7 7 7 7 7 7 7 7 7 7 7 7 7 8 8 7 7 7 7 7 7 7 7
                            7 7 7 7 7 8 8 8 7 7 7 7 7 7 7 7 7 7 7 7 7 7 9 9 9 9 7 7 7 7 7 7 7 7 7 7 7 7 7 7 8 8 8 7 7 7 7 7 7 7 7
                             7 7 7 7 7 8 8 7 7 7 7 7 7 7 7 7 7 7 7 7 7 7 7 7 7 7 7 7 7 7 7 7 7 7 7 7 7 7 7 7 8 8 7 7 7 7 7 7 7 7 7
                              7 7 7 7 8 8 8 7 7 7 7 7 7 7 7 7 7 7 7 7 7 7 7 7 7 7 7 7 7 7 7 7 7 7 7 7 7 7 7 8 8 8 7 7 7 7 7 7 7 7 7
                               7 7 7 7 8 8 7 7 7 7 7 7 7 7 7 7 7 7 7 7 7 7 7 7 7 7 7 7 7 7 7 7 7 7 7 7 7 7 7 8 8 7 7 7 7 7 7 7 7 7 7
                                7 7 7 8 8 8 7 7 7 7 7 7 7 7 7 7 7 7 7 7 7 7 7 7 7 7 7 7 7 7 7 7 7 7 7 7 7 7 8 8 8 7 7 7 7 7 7 7 7 7 7
                                 7 7 7 8 8 7 7 7 7 7 7 7 7 7 7 7 7 7 7 7 7 7 7 7 7 7 7 7 7 7 7 7 7 7 7 7 7 7 8 8 7 7 7 7 7 7 7 7 7 7 7
                                  7 7 8 8 8 7 7 7 7 7 7 7 7 7 7 7 7 7 7 7 7 7 7 7 7 7 7 7 7 7 7 7 7 7 7 7 7 8 8 8 7 7 7 7 7 7 7 7 7 7 7
                                   7 7 8 8 7 7 7 7 7 7 7 7 7 7 7 7 7 7 7 7 7 7 7 7 7 7 7 7 7 7 7 7 7 7 7 7 7 8 8 7 7 7 7 7 7 7 7 7 7 7 7
                                    7 8 8 8 7 7 7 7 7 7 7 7 7 7 7 7 7 7 7 7 7 7 7 7 7 7 7 7 7 7 7 7 7 7 7 7 8 8 8 7 7 7 7 7 7 7 7 7 7 7 7
                                     7 8 8 8 8 7 7 7 7 7 7 7 7 7 7 7 7 7 7 7 7 7 7 7 7 7 7 7 7 7 7 7 7 7 8 8 8 8 7 7 7 7 7 7 7 7 7 7 7 7 7
                                      7 7 8 8 8 8 7 7 7 7 7 7 7 7 7 7 7 7 7 7 7 7 7 7 7 7 7 7 7 7 7 7 8 8 8 8 7 7 7 7 7 7 7 7 7 7 7 7 7 7 7
                                       7 7 7 8 8 8 8 7 7 7 7 7 7 7 7 7 7 7 7 7 7 7 7 7 7 7 7 7 7 7 8 8 8 8 7 7 7 7 7 7 7 7 7 7 7 7 7 7 7 7 7
                                        7 7 7 7 8 8 8 8 7 7 7 7 7 7 7 7 7 7 7 7 7 7 7 7 7 7 7 7 8 8 8 8 7 7 7 7 7 7 7 7 7 7 7 7 7 7 7 7 7 7 7
                                         7 7 7 7 7 8 8 8 8 7 7 7 7 7 7 7 7 7 7 7 7 7 7 7 7 7 8 8 8 8 7 7 7 7 7 7 7 7 7 7 7 7 7 7 7 7 7 7 7 7 7
                                          7 7 7 7 7 7 8 8 8 8 7 7 7 7 7 7 7 7 7 7 7 7 7 7 8 8 8 8 7 7 7 7 7 7 7 7 7 7 7 7 7 7 7 7 7 7 7 7 7 7 7
                                           7 7 7 7 7 7 7 8 8 8 8 7 7 7 7 7 7 7 7 7 7 7 8 8 8 8 7 7 7 7 7 7 7 7 7 7 7 7 7 7 7 7 7 7 7 7 7 7 7 7 7
                                            7 7 7 7 7 7 7 7 8 8 8 8 7 7 7 7 7 7 7 7 8 8 8 8 7 7 7 7 7 7 7 7 7 7 7 7 7 7 7 7 7 7 7 7 7 7 7 7 7 7 7
                                             7 7 7 7 7 7 7 7 7 8 8 8 8 7 7 7 7 7 8 8 8 8 7 7 7 7 7 7 7 7 7 7 7 7 7 7 7 7 7 7 7 7 7 7 7 7 7 7 7 7 7
                                              7 7 7 7 7 7 7 7 7 7 8 8 8 8 7 7 8 8 8 8 7 7 7 7 7 7 7 7 7 7 7 7 7 7 7 7 7 7 7 7 7 7 7 7 7 7 7 7 7 7 7
                                               7 7 7 7 7 7 7 7 7 7 7 8 8 8 8 8 8 8 7 7 7 7 7 7 7 7 7 7 7 7 7 7 7 7 7 7 7 7 7 7 7 7 7 7 7 7 7 7 7 7 7
                                                7 7 7 7 7 7 7 7 7 7 7 7 8 8 8 8 7 7 7 7 7 7 7 7 7 7 7 7 7 7 7 7 7 7 7 7 7 7 7 7 7 7 7 7 7 7 7 7 7 7 7
                                                 7 7 7 7 7 7 7 7 7 7 7 7 7 8 7 7 7 7 7 7 7 7 7 7 7 7 7 7 7 7 7 7 7 7 7 7 7 7 7 7 7 7 7 7 7 7 7 7 7 7 7
                                                  7 7 7 7 7 7 7 7 7 7 7 7 7 7 7 7 7 7 7 7 7 7 7 7 7 7 7 7 7 7 7 7 7 7 7 7 7 7 7 7 7 7 7 7 7 7 7 7 7 7 7

% --- Surfaces: 8,108111 yakit hacmi, 1.2 - 1.22 - 1.921 - 1.941 - 1.991 - 2.011 - 4.022 - 66.69 (+1.83)

surf 10 cyl          0.0  0.0  1.07    -100  300
surf 11 cyl          0.0  0.0  1.15    -100  300
surf 12 cyl          0.0  0.0  1.2     -100  300
surf 13 cyl          0.0  0.0  1.22    -100  50
surf 14 hexxprism    0.0  0.0  1.921   -100  50
surf 15 hexxprism    0.0  0.0  1.941   -100  50
surf 16 hexxprism    0.0  0.0  1.991   -100  50
surf 17 hexxprism    0.0  0.0  2.011   -100  50
surf 18 hexxprism    0.0  0.0  2.011    50   300

surf 5  cyl          0.0  0.0  8.85    -100 300
surf 1  hexxprism    0.0  0.0  9       -100 300
surf 2  hexxprism    0.0  0.0  66.69   -100 300
surf 3  hexxprism    0.0  0.0  66.7    -100 300
surf 4  cyl          0.0  0.0  95.73   -140 340

% +1.83 0.915 1.585
surf 19       cyl    80.98 13.5 12.5 -100 150   % right upside drum
surf 20       cyl    78.98 13.5 12.5 -100 150   % right upside drum b4c
surf 21       cyl    80.98 -13.5 12.5 -100 150  % right downside drum
surf 22       cyl    78.98 -13.5 12.5 -100 150  % right downside drum b4c
surf 23       cyl    52.725 63.275 12.5 -100 150    % upright rightside drum
surf 24       cyl    51.725 61.495 12.5 -100 150   % upright rightside drum b4c
surf 25       cyl    29.225 76.975 12.5 -100 150        % upright upside drum
surf 26       cyl    28.225 75.195 12.5 -100 150     % upright upside drum b4c
surf 27       cyl    -29.225 76.975 12.5 -100 150       % upleft upside drum
surf 28       cyl    -28.225 75.195 12.5 -100 150    % upleft upside drum b4c
surf 29       cyl    -52.725 63.275 12.5 -100 150   % upleft leftside drum
surf 30       cyl    -51.725 61.495 12.5 -100 150  % upleft leftside drum b4c
surf 31       cyl    -80.98 13.5 12.5 -100 150  % left upside drum
surf 32       cyl    -78.98 13.5 12.5 -100 150  % left upside drum b4c
surf 33       cyl    -80.98 -13.5 12.5 -100 150 % left downside drum
surf 34       cyl    -78.98 -13.5 12.5 -100 150 % left downside drum b4c
surf 35       cyl    -52.725 -63.275 12.5 -100 150  % downleft leftside drum
surf 36       cyl    -51.725 -61.495 12.5 -100 150 % downleft leftside drum b4c
surf 37       cyl    -29.225 -76.975 12.5 -100 150      % downleft downside drum
surf 38       cyl    -28.225 -75.195 12.5 -100 150   % downleft downside drum b4c
surf 39       cyl    29.225 -76.975 12.5 -100 150       % downright downside drum
surf 40       cyl    28.225 -75.195 12.5 -100 150    % downright downside drum b4c
surf 41       cyl    52.725 -63.275 12.5 -100 150   % downright rightside drum
surf 42       cyl    51.725 -61.495 12.5 -100 150  % downright rightside drum b4c

% --- Cells:

cell 20 7 Kgas    -10
cell 21 7 Kliquid  10 -11
cell 22 7 clad 11 -12
cell 23 7 He   12 -13
cell 24 7 UN 13 -14
cell 25 7 He   14 -15
cell 26 7 clad 15 -16
cell 27 7 He   16 -17
cell 28 7 He   12 -18 % Fission Gas Plenum

cell 15  0  He       -5
cell 11  0  clad      5    -1
cell 12  0  fill  10  1    -2
cell 13  0  clad      2    -3  % Gap
cell 14  0  Ref       3    -4 19 21 23 25 27 29 31 33 35 37 39 41 1 % Reflector
cell 99  0  outside         4  % Outside world                

cell 2001 0     B4C -19 20
cell 2002 0     Ref -19 -20
cell 2003 0     B4C -21 22
cell 2004 0     Ref -21 -22
cell 2005 0     B4C -23 24
cell 2006 0     Ref -23 -24
cell 2007 0     B4C -25 26
cell 2008 0     Ref -25 -26
cell 2009 0     B4C -27 28
cell 2010 0     Ref -27 -28
cell 2011 0     B4C -29 30
cell 2012 0     Ref -29 -30
cell 2013 0     B4C -31 32
cell 2014 0     Ref -31 -32
cell 2015 0     B4C -33 34
cell 2016 0     Ref -33 -34
cell 2017 0     B4C -35 36
cell 2018 0     Ref -35 -36
cell 2019 0     B4C -37 38
cell 2020 0     Ref -37 -38
cell 2021 0     B4C -39 40
cell 2022 0     Ref -39 -40
cell 2023 0     B4C -41 42
cell 2024 0     Ref -41 -42

% --- UN fuel enriched to 12.1 wt-% U-235: (total -0.8815 U frac in UO2) (0.94441 U frac in UN %17.2wt) (0.02cm gap) (12.95 long UN) (11.4 long zr3si2 u10mo) (10.35 after new lib) (11.65 for natural N, UN)

mat UN      -13.7355 tmp 948.0 burn 1
92235.09c   -0.110023765
92238.09c   -0.834386235
7014.09c    -0.0553870965
7015.09c    -0.0002029035

% --- SS316 Steel:

mat clad      -7.9 tmp 948.0
6012.09c      -0.000410
14028.09c     -0.005070
15031.09c     -0.000380
24052.09c     -0.170000
25055.09c     -0.010140
26056.09c     -0.789000
42098.09c     -0.025000

mat Kgas      -0.000243
19039.09c     -1

mat Kliquid   -0.69
19039.09c     -1

mat Ref      -5.88
40090.09c    -0.42688065
40091.09c    -0.09309234
40092.09c    -0.14229355
40094.09c    -0.14420186
40096.09c    -0.0232316
14028.09c    -0.157055769
14029.09c    -0.007978555
14030.09c    -0.005265676

mat He        -0.0014442 tmp 948.0
2004.09c      -1

% --- B4C (%90 B10):

mat B4C       -2.52
5010.06c      -0.704349
5011.06c      -0.078261
6012.06c      -0.217390

% --- Use predictor corrector method for the depletion solution
%     leli: Linear extrapolation on predictor
%           Linear interpolation on corrector
%     10 10: 10 substeps on predictor, 10 substeps on corrector

set pcc leli 10 10

% --- Cross section library file path:

set acelib "/codes/data/endfb7/sss_endfb7u.xsdata"

% --- Decay data library needs to be specified for burnup calculations

set declib "sss_jeff31.dec"

% --- Neutron induced fission yield library needs to be specified for
%     burnup calculations

set nfylib "sss_jeff31.nfy"

% --- Vacuum boundary condition:

set bc 1

% --- Neutron population and criticality cycles:

set pop 20000 70 30

% --- Geometry and mesh plots:

plot 3 1000 1000
plot 2 1000 1000
plot 1 1000 1000
mesh 3 1000 1000

% Power density: 2MWe reactor, 5MWt reactor core, 5190 kg UO2. 5/5190= 9.634E-4 MW/kg in serpent units.

set power 28000000 UN

dep daytot

365.25 % 1
730.5 % 2
1461 % 4
2922 % 8
4383
5844
7305
8766
10227
11688
13149
14610
16071
17532
18993
20454 % 56 years
21915 % 60 years
23376 % 64 years
26298 % 72 years
29220
32142
35064
37986
40908
43830 % 120
46752
49674
52596
55518
58440 % 160 years

% --- Isotope list for inventory calculation:

set inventory all

% ------------------------------------------------------------

% --- Material volumes:

% Produced Sat Feb 25 18:03:45 2023 by MC volume calculation routine by
% sampling 100000000 random points in the geometry.

set mvol

UN           0 1.24097E+06 % (0.000)
clad            0 4.17297E+05 % (0.001)
Kgas            0 9.16870E+05 % (0.000)
Kliquid         0 1.42204E+05 % (0.001)
Ref             0 4.34465E+06 % (0.000)
He              0 1.13550E+06 % (0.000)
B4C             0 1.52014E+05 % (0.001)